HDF_ANNOTATION
This is a test file.
This ASCII file contains two GR images,
one SDS, and one Vdata table.

HDF_GR
Image 1 
40
40
INT32
40	40	40	40	40	40	40	40	40	40	40	40	40	40	40	40	40	40	40	40	40	40	40	40	40	40	40	40	40	40	40	40	40	40	40	40	40	40	40	40
40	40	40	40	40	40	40	40	40	40	40	40	40	40	40	40	40	40	40	40	40	40	40	40	40	40	40	40	40	40	40	40	40	40	40	40	40	40	40	40
40	40	40	40	40	40	40	40	40	40	40	40	40	40	40	40	40	40	40	40	40	40	40	40	40	40	40	40	40	40	40	40	40	40	40	40	40	40	40	40
40	40	40	40	40	40	40	40	40	40	40	40	40	40	40	40	40	40	40	40	40	40	40	40	40	40	40	40	40	40	40	40	40	40	40	40	40	40	40	40
40	40	40	40	40	40	40	40	40	40	40	40	40	40	40	40	40	40	40	40	40	40	40	40	40	40	40	40	40	40	40	40	40	40	40	40	40	40	40	40
40	40	40	40	40	30	30	30	30	30	30	30	30	30	30	30	30	30	30	30	30	30	30	30	30	30	30	30	30	30	30	30	30	30	30	40	40	40	40	40
40	40	40	40	40	30	30	30	30	30	30	30	30	30	30	30	30	30	30	30	30	30	30	30	30	30	30	30	30	30	30	30	30	30	30	40	40	40	40	40
40	40	40	40	40	30	30	30	30	30	30	30	30	30	30	30	30	30	30	30	30	30	30	30	30	30	30	30	30	30	30	30	30	30	30	40	40	40	40	40
40	40	40	40	40	30	30	30	30	30	30	30	30	30	30	30	30	30	30	30	30	30	30	30	30	30	30	30	30	30	30	30	30	30	30	40	40	40	40	40
40	40	40	40	40	30	30	30	30	30	30	30	30	30	30	30	30	30	30	30	30	30	30	30	30	30	30	30	30	30	30	30	30	30	30	40	40	40	40	40
40	40	40	40	40	30	30	30	30	30	20	20	20	20	20	20	20	20	20	20	20	20	20	20	20	20	20	20	20	20	30	30	30	30	30	40	40	40	40	40
40	40	40	40	40	30	30	30	30	30	20	20	20	20	20	20	20	20	20	20	20	20	20	20	20	20	20	20	20	20	30	30	30	30	30	40	40	40	40	40
40	40	40	40	40	30	30	30	30	30	20	20	20	20	20	20	20	20	20	20	20	20	20	20	20	20	20	20	20	20	30	30	30	30	30	40	40	40	40	40
40	40	40	40	40	30	30	30	30	30	20	20	20	20	20	20	20	20	20	20	20	20	20	20	20	20	20	20	20	20	30	30	30	30	30	40	40	40	40	40
40	40	40	40	40	30	30	30	30	30	20	20	20	20	20	20	20	20	20	20	20	20	20	20	20	20	20	20	20	20	30	30	30	30	30	40	40	40	40	40
40	40	40	40	40	30	30	30	30	30	20	20	20	20	20	10	10	10	10	10	10	10	10	10	10	20	20	20	20	20	30	30	30	30	30	40	40	40	40	40
40	40	40	40	40	30	30	30	30	30	20	20	20	20	20	10	10	10	10	10	10	10	10	10	10	20	20	20	20	20	30	30	30	30	30	40	40	40	40	40
40	40	40	40	40	30	30	30	30	30	20	20	20	20	20	10	10	10	10	10	10	10	10	10	10	20	20	20	20	20	30	30	30	30	30	40	40	40	40	40
40	40	40	40	40	30	30	30	30	30	20	20	20	20	20	10	10	10	10	10	10	10	10	10	10	20	20	20	20	20	30	30	30	30	30	40	40	40	40	40
40	40	40	40	40	30	30	30	30	30	20	20	20	20	20	10	10	10	10	0	0	10	10	10	10	20	20	20	20	20	30	30	30	30	30	40	40	40	40	40
40	40	40	40	40	30	30	30	30	30	20	20	20	20	20	10	10	10	10	0	0	10	10	10	10	20	20	20	20	20	30	30	30	30	30	40	40	40	40	40
40	40	40	40	40	30	30	30	30	30	20	20	20	20	20	10	10	10	10	10	10	10	10	10	10	20	20	20	20	20	30	30	30	30	30	40	40	40	40	40
40	40	40	40	40	30	30	30	30	30	20	20	20	20	20	10	10	10	10	10	10	10	10	10	10	20	20	20	20	20	30	30	30	30	30	40	40	40	40	40
40	40	40	40	40	30	30	30	30	30	20	20	20	20	20	10	10	10	10	10	10	10	10	10	10	20	20	20	20	20	30	30	30	30	30	40	40	40	40	40
40	40	40	40	40	30	30	30	30	30	20	20	20	20	20	10	10	10	10	10	10	10	10	10	10	20	20	20	20	20	30	30	30	30	30	40	40	40	40	40
40	40	40	40	40	30	30	30	30	30	20	20	20	20	20	20	20	20	20	20	20	20	20	20	20	20	20	20	20	20	30	30	30	30	30	40	40	40	40	40
40	40	40	40	40	30	30	30	30	30	20	20	20	20	20	20	20	20	20	20	20	20	20	20	20	20	20	20	20	20	30	30	30	30	30	40	40	40	40	40
40	40	40	40	40	30	30	30	30	30	20	20	20	20	20	20	20	20	20	20	20	20	20	20	20	20	20	20	20	20	30	30	30	30	30	40	40	40	40	40
40	40	40	40	40	30	30	30	30	30	20	20	20	20	20	20	20	20	20	20	20	20	20	20	20	20	20	20	20	20	30	30	30	30	30	40	40	40	40	40
40	40	40	40	40	30	30	30	30	30	20	20	20	20	20	20	20	20	20	20	20	20	20	20	20	20	20	20	20	20	30	30	30	30	30	40	40	40	40	40
40	40	40	40	40	30	30	30	30	30	30	30	30	30	30	30	30	30	30	30	30	30	30	30	30	30	30	30	30	30	30	30	30	30	30	40	40	40	40	40
40	40	40	40	40	30	30	30	30	30	30	30	30	30	30	30	30	30	30	30	30	30	30	30	30	30	30	30	30	30	30	30	30	30	30	40	40	40	40	40
40	40	40	40	40	30	30	30	30	30	30	30	30	30	30	30	30	30	30	30	30	30	30	30	30	30	30	30	30	30	30	30	30	30	30	40	40	40	40	40
40	40	40	40	40	30	30	30	30	30	30	30	30	30	30	30	30	30	30	30	30	30	30	30	30	30	30	30	30	30	30	30	30	30	30	40	40	40	40	40
40	40	40	40	40	30	30	30	30	30	30	30	30	30	30	30	30	30	30	30	30	30	30	30	30	30	30	30	30	30	30	30	30	30	30	40	40	40	40	40
40	40	40	40	40	40	40	40	40	40	40	40	40	40	40	40	40	40	40	40	40	40	40	40	40	40	40	40	40	40	40	40	40	40	40	40	40	40	40	40
40	40	40	40	40	40	40	40	40	40	40	40	40	40	40	40	40	40	40	40	40	40	40	40	40	40	40	40	40	40	40	40	40	40	40	40	40	40	40	40
40	40	40	40	40	40	40	40	40	40	40	40	40	40	40	40	40	40	40	40	40	40	40	40	40	40	40	40	40	40	40	40	40	40	40	40	40	40	40	40
40	40	40	40	40	40	40	40	40	40	40	40	40	40	40	40	40	40	40	40	40	40	40	40	40	40	40	40	40	40	40	40	40	40	40	40	40	40	40	40
40	40	40	40	40	40	40	40	40	40	40	40	40	40	40	40	40	40	40	40	40	40	40	40	40	40	40	40	40	40	40	40	40	40	40	40	40	40	40	40

HDF_GR
Image 2 
20
10
FLOAT32 
0.8415	0.7456	0.6784	0.6275	0.5871	0.5539	0.526	0.5021	0.4813	0.4629
0.8912	0.7778	0.7017	0.6455	0.6016	0.566	0.5363	0.511	0.489	0.4697
0.932	0.8028	0.7193	0.6589	0.6122	0.5747	0.5436	0.5172	0.4944	0.4745
0.9636	0.8213	0.732	0.6684	0.6197	0.5808	0.5487	0.5216	0.4983	0.4779
0.9854	0.8335	0.7403	0.6745	0.6245	0.5847	0.5519	0.5243	0.5006	0.48
0.9975	0.8401	0.7447	0.6778	0.6271	0.5868	0.5537	0.5258	0.5019	0.4811
0.9996	0.8413	0.7455	0.6783	0.6275	0.5871	0.5539	0.526	0.5021	0.4813
0.9917	0.837	0.7426	0.6762	0.6258	0.5857	0.5528	0.5251	0.5013	0.4806
0.9738	0.827	0.7359	0.6713	0.622	0.5827	0.5503	0.5229	0.4994	0.4789
0.9463	0.8113	0.7252	0.6633	0.6157	0.5775	0.5459	0.5192	0.4962	0.4761
0.9093	0.7891	0.7097	0.6516	0.6065	0.57	0.5396	0.5138	0.4915	0.4719
0.8632	0.7599	0.6888	0.6356	0.5937	0.5594	0.5307	0.5061	0.4848	0.466
0.8085	0.7233	0.6619	0.6146	0.5766	0.5452	0.5186	0.4957	0.4756	0.4579
0.7457	0.6785	0.6276	0.5872	0.554	0.5261	0.5022	0.4814	0.463	0.4466
0.6755	0.6253	0.5853	0.5524	0.5247	0.501	0.4803	0.462	0.4457	0.4311
0.5985	0.5634	0.5341	0.5091	0.4874	0.4683	0.4514	0.4362	0.4225	0.41
0.5155	0.493	0.4733	0.4558	0.4402	0.4261	0.4133	0.4016	0.3909	0.381
0.4274	0.4145	0.4027	0.3919	0.3819	0.3727	0.3641	0.3561	0.3486	0.3416
0.335	0.3288	0.3229	0.3173	0.312	0.307	0.3022	0.2976	0.2932	0.289
0.2392	0.2369	0.2347	0.2326	0.2305	0.2285	0.2265	0.2246	0.2227	0.2209

HDF_SDS
Test SDS
3
4
5
10
FLOAT32
0.8415	0.7456	0.6784	0.6275	0.5871	0.5539	0.526	0.5021	0.4813	0.4629
0.8912	0.7778	0.7017	0.6455	0.6016	0.566	0.5363	0.511	0.489	0.4697
0.932	0.8028	0.7193	0.6589	0.6122	0.5747	0.5436	0.5172	0.4944	0.4745
0.9636	0.8213	0.732	0.6684	0.6197	0.5808	0.5487	0.5216	0.4983	0.4779
0.9854	0.8335	0.7403	0.6745	0.6245	0.5847	0.5519	0.5243	0.5006	0.48
0.9975	0.8401	0.7447	0.6778	0.6271	0.5868	0.5537	0.5258	0.5019	0.4811
0.9996	0.8413	0.7455	0.6783	0.6275	0.5871	0.5539	0.526	0.5021	0.4813
0.9917	0.837	0.7426	0.6762	0.6258	0.5857	0.5528	0.5251	0.5013	0.4806
0.9738	0.827	0.7359	0.6713	0.622	0.5827	0.5503	0.5229	0.4994	0.4789
0.9463	0.8113	0.7252	0.6633	0.6157	0.5775	0.5459	0.5192	0.4962	0.4761
0.9093	0.7891	0.7097	0.6516	0.6065	0.57	0.5396	0.5138	0.4915	0.4719
0.8632	0.7599	0.6888	0.6356	0.5937	0.5594	0.5307	0.5061	0.4848	0.466
0.8085	0.7233	0.6619	0.6146	0.5766	0.5452	0.5186	0.4957	0.4756	0.4579
0.7457	0.6785	0.6276	0.5872	0.554	0.5261	0.5022	0.4814	0.463	0.4466
0.6755	0.6253	0.5853	0.5524	0.5247	0.501	0.4803	0.462	0.4457	0.4311
0.5985	0.5634	0.5341	0.5091	0.4874	0.4683	0.4514	0.4362	0.4225	0.41
0.5155	0.493	0.4733	0.4558	0.4402	0.4261	0.4133	0.4016	0.3909	0.381
0.4274	0.4145	0.4027	0.3919	0.3819	0.3727	0.3641	0.3561	0.3486	0.3416
0.335	0.3288	0.3229	0.3173	0.312	0.307	0.3022	0.2976	0.2932	0.289
0.2392	0.2369	0.2347	0.2326	0.2305	0.2285	0.2265	0.2246	0.2227	0.2209

HDF_VDATA
Test Vdata
20
7
CHAR8    	INT16	INT32  	FLOAT32   	CHAR8     	INT32        	FLOAT32             	
Character	Short	Integer	Float     	String    	Integer_Array	Float_Array         	
1        	1    	1      	1         	10        	4            	2                   	
T        	0    	0      	0.1       	MXUSQEQLKD	0 1 2 3      	9.664938 69.680336  	
L        	1    	10     	9.40666   	UIRUFIGBRE	0 1 2 3      	2.7655008 68.7495   	
P        	2    	20     	2.333204  	QKAWUITQSX	0 1 2 3      	30.750593 52.72032  	
Q        	3    	30     	12.411581 	KIWBYPUUON	0 1 2 3      	57.724598 98.232124 	
E        	4    	40     	62.24897  	YOJLVFQWLI	0 1 2 3      	22.25887 20.134     	
S        	5    	50     	32.764236 	CXEXMMDXKP	0 1 2 3      	12.895663 32.894978 	
L        	6    	60     	82.766525 	ASHDUCGCCJ	0 1 2 3      	32.652016 2.5141788 	
E        	7    	70     	29.776112 	OKLOIKKCOK	0 1 2 3      	42.52368 16.930979  	
W        	8    	80     	122.28739 	LEDLTAXDWO	0 1 2 3      	92.989006 2.335157  	
D        	9    	90     	70.87407  	JXIDYILSKJ	0 1 2 3      	88.31287 62.97705   	
X        	10   	100    	188.73654 	BUKJKXYIPV	0 1 2 3      	78.15055 32.27772   	
R        	11   	110    	22.491457 	FKGNLNWNGM	0 1 2 3      	78.551674 40.73911  	
W        	12   	120    	147.20348 	LQJWDSMCIR	0 1 2 3      	10.464083 52.854168 	
F        	13   	130    	199.45923 	DSVUFRNWBG	0 1 2 3      	66.23777 90.11705   	
R        	14   	140    	37.88339  	ULWJLEAGED	0 1 2 3      	2.6287615 67.433266 	
O        	15   	150    	166.89705 	FPEWXXOOHQ	0 1 2 3      	52.203053 2.8297963 	
T        	16   	160    	118.7182  	PXBGBBPVBR	0 1 2 3      	72.840485 22.365297 	
K        	17   	170    	308.60443 	EUCUGXBDQH	0 1 2 3      	12.23866 76.54023   	
P        	18   	180    	78.33775  	PUFKLDFLON	0 1 2 3      	92.41686 8.207025   	
P        	19   	190    	22.951778 	IYKNMVXOTK	0 1 2 3      	32.219948 39.98024  	
